{"nbformat":4,"nbformat_minor":0,"metadata":{"colab":{"provenance":[],"authorship_tag":"ABX9TyPfH1QHqmD0QwX5GlSYqQPK"},"kernelspec":{"name":"python3","display_name":"Python 3"},"language_info":{"name":"python"}},"cells":[{"cell_type":"code","execution_count":2,"metadata":{"colab":{"base_uri":"https://localhost:8080/"},"id":"69EDqPxJhS9O","executionInfo":{"status":"ok","timestamp":1693710960901,"user_tz":240,"elapsed":173,"user":{"displayName":"Nishant Bharali","userId":"04249239732953936912"}},"outputId":"3f39a8d7-953b-407d-d176-efe26c86f48c"},"outputs":[{"output_type":"stream","name":"stdout","text":["Below is the rotational matrix R: \n","\n"," [[-7.07106781e-01 -3.53553391e-01 -6.12372436e-01]\n"," [ 7.07106781e-01 -3.53553391e-01 -6.12372436e-01]\n"," [ 5.30287619e-17 -8.66025404e-01  5.00000000e-01]]\n","\n","Determinant of rotational matrix R:\n","\n"," 1.0\n","\n","R is a rotational matrix as result is an identity matrix after multiplying R with R transpose: \n","\n"," [[1.00000000e+00 1.46601644e-17 1.01628368e-17]\n"," [1.46601644e-17 1.00000000e+00 1.48741681e-17]\n"," [1.01628368e-17 1.48741681e-17 1.00000000e+00]]\n","\n"," R.T is the transpose of R to equate it with R inverse below: \n","\n"," [[-7.07106781e-01  7.07106781e-01  5.30287619e-17]\n"," [-3.53553391e-01 -3.53553391e-01 -8.66025404e-01]\n"," [-6.12372436e-01 -6.12372436e-01  5.00000000e-01]]\n","\n"," R_inverse is the inverse of R to equate it with R transpose above: \n","\n"," [[-7.07106781e-01  7.07106781e-01 -7.85046229e-17]\n"," [-3.53553391e-01 -3.53553391e-01 -8.66025404e-01]\n"," [-6.12372436e-01 -6.12372436e-01  5.00000000e-01]]\n"]}],"source":["import numpy as np\n","\n","# Define the angles of rotation\n","theta_z1 = np.pi / 4  # π/4 radians\n","theta_y = -np.pi / 3  # -π/3 radians\n","theta_z2 = np.pi / 2  # π/2 radians\n","\n","# Create the rotation matrices\n","R1 = np.array([[np.cos(theta_z1), -np.sin(theta_z1), 0],\n","               [np.sin(theta_z1), np.cos(theta_z1), 0],\n","               [0, 0, 1]])\n","\n","R2 = np.array([[np.cos(theta_y), 0, np.sin(theta_y)],\n","               [0, 1, 0],\n","               [-np.sin(theta_y), 0, np.cos(theta_y)]])\n","\n","R3 = np.array([[np.cos(theta_z2), -np.sin(theta_z2), 0],\n","               [np.sin(theta_z2), np.cos(theta_z2), 0],\n","               [0, 0, 1]])\n","\n","# Multiply the rotation matrices\n","R = np.dot(R1, np.dot(R2, R3))\n","\n","# Multiply the transpose of R to R itself to prove R is a rotational matrix as the result is an identity matrix\n","result_prove_rotational = R.T @ R\n","determinant = np.linalg.det(R)\n","R_inverse = np.linalg.inv(R)\n","\n","print(\"Below is the rotational matrix R: \")\n","print(\"\\n\", R)\n","print(\"\\nDeterminant of rotational matrix R:\")\n","print(\"\\n\", determinant)\n","print(\"\\nR is a rotational matrix as result is an identity matrix after multiplying R with R transpose: \")\n","print(\"\\n\", result_prove_rotational)\n","print(\"\\n R.T is the transpose of R to equate it with R inverse below: \")\n","print(\"\\n\", R.T)\n","print(\"\\n R_inverse is the inverse of R to equate it with R transpose above: \")\n","print(\"\\n\", R_inverse)"]}]}